119
110
185
165
188
196
134
141
114
198
196
121
195
159
110
172
140
178
150
135
114
166
182
134
129
159
106
192
120
157
141
167
127
133
173
155
170
173
155
126
193
139
182
172
193
105
134
105
104
157
193
163
105
148
147
182
173
121
112
163
197
185
183
108
115
188
108
127
117
196
183
191
185
161
136
108
142
104
181
185
155
136
198
154
128
192
144
198
196
190
167
180
114
148
106
117
138
105
143
146
115
198
160
123
188
171
188
175
184
130
114
133
157
157
184
104
125
133
146
173
145
194
129
138
100
143
133
159
129
177
127
143
147
135
117
150
173
195
173
119
182
172
108
198
136
165
130
166
146
159
181
119
148
134
173
167
109
175
184
106
116
158
102
199
185
103
199
168
149
152
139
131
171
133
107
176
163
157
117
189
119
112
111
109
117
112
144
136
162
108
185
187
119
178
148
104
192
147
180
152
123
119
